
strategic_region={
	id=290
	name="STRATEGICREGION_290"
	provinces={
		598 702 706 715 718 733 734 822 847 859 862 880 891 894 905 908 1282 1338 1436 1619 3602 3687 3693 3697 3702 3710 3712 3715 3732 3733 3747 3802 3806 3824 3847 3850 3863 3878 3880 3894 3897 3906 4287 4445 6705 6707 6717 6719 6732 6778 6795 6845 6869 6872 6882 6885 6899 6909 6911 6916 7462 7629 9662 9664 9673 9675 9693 9708 9721 9754 9774 9789 9801 9804 9820 9832 9836 9847 9850 9864 10247 10318 10381 10481 11648 11650 11654 11660 11662 11665 11680 11722 11740 11758 11769 11782 11785 11789 11799 11800 11817 11830 11900 12202 12221 12405 12459 13157 13158 
	}
	weather={
	}
}
